16 16 16 16 16 16 16 16 16 16 16 16 16 16 16 16 16 16 16 16 16 16 16 16 16 16 16 16 16 16 16 16 16 16 16 16 16 16 16 16 16 16 16 16 16 16 16 16 16 16
16 16 16 16 16 16 16 16 1 16 16 1 16 16 16 16 1 1 16 16 16 16 16 16 1 16 16 1 16 1 1 16 16 1 16 1 16 1 1 1 16 1 1 1 16 16 1 16 1 16
16 16 1 1 1 1 32 32 32 32 32 32 32 32 32 32 32 32 1 1 1 32 32 32 32 32 32 32 32 1 1 1 32 32 32 32 32 32 32 32 32 32 32 32 1 1 1 1 1 16
16 16 1 1 1 1 32 32 32 32 32 32 32 32 32 32 32 32 1 1 1 32 32 32 32 32 32 32 32 1 1 1 32 32 32 32 32 32 32 32 32 32 32 32 1 1 1 1 16 16
16 16 1 1 1 1 32 32 32 32 32 32 32 32 32 32 32 32 1 1 1 32 32 32 32 32 32 32 32 1 1 1 32 32 32 32 32 32 32 32 32 32 32 32 1 1 1 1 16 16
16 16 1 1 1 1 32 32 32 32 32 32 32 32 32 32 32 32 1 1 1 32 32 32 32 32 32 32 32 1 1 1 32 32 32 32 32 32 32 32 32 32 32 32 1 1 1 1 16 16
16 16 1 1 1 1 32 32 32 32 32 32 32 32 32 32 32 32 1 1 1 1 1 34 34 1 1 1 1 1 1 1 32 32 32 32 32 32 32 32 32 32 32 32 1 1 1 1 1 16
16 16 1 1 1 1 32 32 32 32 32 32 32 32 32 32 32 32 1 1 16 1 1 34 34 1 1 1 16 1 1 1 32 32 32 32 32 32 32 32 32 32 32 32 1 1 1 1 16 16
16 16 1 1 1 1 1 1 1 1 34 36 34 1 1 1 1 1 1 1 1 1 1 34 34 1 1 1 1 1 1 1 1 34 34 34 34 34 34 34 34 34 34 1 1 1 1 1 16 16
16 1 1 1 1 1 1 1 1 1 1 1 1 1 1 1 1 1 33 1 33 1 33 34 34 1 33 1 33 1 33 1 1 34 34 34 34 34 34 34 34 34 34 1 1 1 1 1 16 16
16 16 1 1 1 1 1 1 1 1 1 1 1 1 1 1 1 1 33 1 33 1 33 34 34 1 33 1 33 1 33 1 1 1 1 1 1 1 1 1 1 1 1 1 1 1 1 1 1 16
16 16 1 1 1 1 1 1 1 1 1 1 1 1 1 1 1 1 1 16 1 1 1 34 34 1 1 1 1 16 1 1 1 1 1 1 1 1 1 1 1 1 1 1 1 1 1 1 1 16
16 16 1 1 1 1 1 1 1 1 1 1 1 1 1 1 1 1 1 1 1 1 1 34 34 1 1 1 1 1 1 1 1 1 1 1 1 1 1 1 1 1 1 1 1 1 1 1 16 16
16 1 1 1 1 1 1 1 1 1 1 1 1 1 1 1 1 1 1 1 1 1 1 34 34 1 1 1 1 1 1 1 1 1 1 1 1 1 1 1 1 1 1 1 1 1 1 1 1 16
16 16 1 1 1 1 34 34 34 34 34 34 34 34 34 34 34 34 34 34 34 34 17 17 17 34 34 34 34 34 34 34 34 34 1 1 1 1 1 1 1 1 1 1 1 1 1 1 16 16
16 1 1 1 1 18 18 19 18 18 18 19 18 18 18 18 18 19 18 18 18 18 17 17 17 18 19 18 18 18 18 18 18 18 1 1 1 1 1 1 1 1 1 1 1 1 1 1 1 16
16 16 1 1 1 18 18 18 18 18 18 18 18 19 18 18 19 18 19 18 18 18 17 17 17 18 18 18 18 18 18 18 18 18 1 1 1 1 1 1 1 1 1 1 1 1 1 1 16 16
16 16 1 1 1 18 18 18 18 18 18 18 18 19 18 18 18 18 18 18 18 18 17 17 17 18 18 18 18 18 18 18 19 18 1 1 1 1 1 1 1 1 1 1 1 1 1 1 16 16
16 1 1 1 1 18 18 18 18 18 18 18 18 18 18 18 18 18 18 18 18 18 17 17 17 18 19 18 18 18 18 18 19 18 16 1 33 1 33 1 33 1 33 16 1 1 1 1 1 16
16 16 1 1 1 18 18 18 18 18 18 18 18 18 18 18 18 18 18 18 18 18 17 17 17 18 18 18 18 18 18 18 19 18 1 1 1 1 1 1 1 1 1 1 1 1 1 1 16 16
16 1 1 1 1 18 18 18 18 18 18 18 18 18 18 18 18 18 18 19 18 18 17 17 17 18 18 18 18 18 18 18 18 18 33 1 34 34 34 34 34 34 34 1 1 1 1 1 16 16
16 16 1 1 1 18 18 18 18 19 18 18 18 18 18 18 18 18 18 19 19 18 17 17 17 18 19 18 18 18 18 18 18 18 1 1 34 34 34 34 34 34 34 1 1 1 1 1 16 16
16 1 1 1 1 18 18 18 18 18 18 18 18 18 19 18 18 18 18 18 18 18 17 17 17 18 18 18 18 18 18 18 18 18 33 1 34 34 34 34 34 34 34 1 1 1 1 1 16 16
16 16 1 1 1 18 18 18 18 18 18 18 18 18 18 18 18 18 18 18 18 19 17 17 17 17 17 17 17 17 17 17 18 18 1 1 34 34 34 34 34 34 34 1 1 1 1 1 1 16
16 16 1 1 1 18 18 19 18 18 18 18 18 18 18 18 18 18 18 18 18 18 17 17 17 17 17 17 17 17 17 17 18 18 33 1 34 34 34 34 34 34 34 16 1 1 1 1 1 16
16 16 1 1 1 18 18 18 18 18 18 18 18 18 18 19 18 18 18 18 18 18 17 17 17 17 17 17 17 17 17 17 18 18 1 1 34 34 34 34 34 34 34 1 1 1 1 1 16 16
16 1 1 1 1 18 18 18 18 18 18 18 18 18 18 18 18 18 18 19 19 18 17 17 17 17 17 17 17 17 17 17 18 18 33 1 34 34 34 34 34 34 34 1 1 1 1 1 1 16
16 16 1 1 1 18 18 18 18 18 18 18 19 18 18 18 18 18 19 18 18 19 17 17 17 17 17 17 17 17 17 17 18 18 1 1 34 34 34 34 34 34 34 1 1 1 1 1 1 16
16 1 1 1 1 18 18 18 18 18 18 18 18 18 18 18 19 18 18 19 18 18 17 17 17 18 18 18 18 18 18 18 18 19 33 1 33 1 33 1 33 1 33 1 1 1 1 1 16 16
16 1 1 1 1 18 19 18 18 19 18 18 18 18 18 18 18 18 18 18 18 18 17 17 17 18 18 18 19 18 18 18 18 18 16 1 1 1 1 1 1 1 1 16 1 1 1 1 16 16
16 1 1 1 1 18 18 18 19 18 18 18 18 18 18 18 18 18 19 19 18 18 17 17 17 18 19 19 18 18 18 18 18 19 1 1 1 1 1 1 1 1 1 1 1 1 1 1 1 16
16 1 1 1 1 18 18 18 18 18 18 18 18 18 19 18 19 19 18 18 18 18 17 17 17 19 18 18 18 19 19 18 18 18 1 1 1 1 1 1 1 1 1 1 1 1 1 1 1 16
16 16 1 1 1 18 18 18 18 18 18 18 18 19 18 18 19 18 18 18 18 18 17 17 17 18 18 18 18 18 18 18 19 18 1 1 1 1 1 1 1 1 1 1 1 1 1 1 16 16
16 1 1 1 1 18 18 18 18 18 18 18 18 18 18 18 18 18 18 18 18 18 17 17 17 18 18 18 18 19 18 18 18 18 1 1 1 1 1 1 1 1 1 1 1 1 1 1 16 16
16 1 1 1 1 18 18 18 18 18 18 19 18 18 18 18 18 18 18 18 19 18 17 17 17 18 18 19 18 18 18 18 18 18 1 1 1 1 1 1 1 1 1 1 1 1 1 1 1 16
16 16 1 1 1 18 18 18 18 18 18 18 18 18 18 18 18 18 18 18 18 19 17 17 17 19 19 18 18 18 18 18 18 18 1 1 1 1 1 1 1 1 1 1 1 1 1 1 1 16
16 16 1 1 1 1 34 34 34 34 34 34 34 34 34 34 34 34 34 34 34 34 17 17 17 1 1 1 1 1 1 1 1 1 1 1 1 1 1 1 1 1 1 1 1 1 1 1 16 16
16 16 1 1 1 1 34 34 34 34 34 34 34 34 34 34 34 34 34 34 34 34 1 34 34 1 1 1 1 1 1 1 1 1 1 1 1 1 1 1 1 1 1 1 1 1 1 1 16 16
16 16 1 1 1 1 32 32 32 32 32 32 32 32 32 1 1 1 1 1 1 1 1 34 34 1 1 1 1 1 1 1 1 1 1 1 1 1 1 1 1 1 1 1 1 1 1 1 16 16
16 1 1 1 1 1 32 32 32 32 17 32 32 32 32 1 1 1 1 1 1 1 1 34 34 1 1 1 1 1 1 1 1 1 1 1 1 1 1 1 1 1 1 1 1 1 1 1 16 16
16 1 1 1 1 1 32 32 32 32 32 32 32 32 32 1 1 1 1 1 1 1 1 34 34 1 1 1 1 1 1 1 1 1 1 1 1 1 1 1 1 1 1 1 1 1 1 1 16 16
16 16 1 1 1 1 32 32 32 32 32 32 32 32 32 1 1 1 1 1 1 1 1 34 34 1 1 1 1 1 1 1 1 1 1 1 1 1 1 1 1 1 1 1 1 1 1 1 16 16
16 16 1 1 1 1 32 32 32 32 32 32 32 32 32 1 1 1 1 1 1 1 1 34 34 1 1 1 1 1 1 1 1 1 1 1 1 1 1 1 1 1 1 1 1 1 1 1 16 16
16 1 1 1 1 1 1 1 1 1 1 1 1 1 1 1 1 1 1 1 1 1 1 34 34 1 1 1 1 1 1 1 1 1 1 1 1 1 1 1 1 1 1 1 1 1 1 1 1 16
16 16 1 1 1 1 1 1 1 1 1 1 1 1 1 1 1 1 1 1 1 1 34 34 34 1 1 1 1 1 1 1 1 1 1 1 1 1 1 1 1 1 1 1 1 1 1 1 1 16
16 1 1 1 1 1 1 1 1 1 1 1 1 1 1 1 1 1 1 1 1 1 1 34 34 1 1 1 1 1 1 1 1 1 1 1 1 1 1 1 1 1 1 1 1 1 1 1 1 16
16 1 1 1 1 1 1 1 1 1 1 1 1 1 1 1 1 1 1 1 1 1 1 34 34 1 1 1 1 1 1 1 1 1 1 1 1 1 1 1 1 1 1 1 1 1 1 1 1 16
16 16 1 1 1 1 1 1 1 1 1 1 1 1 1 1 1 1 1 1 1 1 1 34 34 1 1 1 1 1 1 1 1 1 1 1 1 1 1 1 1 1 1 1 1 1 1 1 1 16
16 1 16 16 1 16 16 16 1 1 16 16 16 1 1 1 16 16 16 1 1 16 16 34 34 16 16 1 1 16 16 16 16 1 16 16 16 1 1 1 16 1 1 16 16 1 1 16 16 16
16 16 16 16 16 16 16 16 16 16 16 16 16 16 16 16 16 16 16 16 16 16 16 16 16 16 16 16 16 16 16 16 16 16 16 16 16 16 16 16 16 16 16 16 16 16 16 16 16 16
